blk 0:
33333333
33333333
33333333
33333333
33333333
33333333
33333333
33333333
blk 1:
33333333
33333333
33333333
33333333
33333333
33333333
33333333
33333333
blk 2:
33333333
33333333
33333333
33333333
33333333
33333333
33333333
33333333
blk 3:
33333333
33333333
33333333
33333333
33333333
33333333
33333333
33333333
blk 4:
33333333
33333333
33333333
33333333
33333333
33333333
33333333
33333333
blk 5:
33333333
33333333
33333333
33333333
33333333
33333333
33333333
33333333
blk 6:
33333333
33333333
33333333
33333333
33333333
33333333
33333333
33333333
blk 7:
33333333
33333333
33333333
33333333
33333333
33333333
33333333
33333333
blk 8:
33333333
33333333
33333333
33333333
33333333
33333333
33333333
33333333
blk 9:
33333333
33333333
33333333
33333333
33333333
33333333
33333333
33333333
blk 10:
33333333
33333333
33333333
33333333
33333333
33333333
33333333
33333333
blk 11:
33333333
33333333
33333333
33333333
33333333
33333333
33333333
33333333
blk 12:
33333333
33333333
33333333
33333333
33333333
33333333
33333333
33333333
blk 13:
33333333
33333333
33333333
33333333
33333333
33333333
33333333
33333333
blk 14:
33333333
33333333
33333333
33333333
33333333
33333333
33333333
33333333
blk 15:
33333333
33333333
33333333
33333333
33333333
33333333
33333333
33333333
blk 16:
33333333
33333333
33333333
33333333
33333333
33333333
33333333
33333333
blk 17:
33333333
33333333
33333333
33333333
33333333
33333333
33333333
33333333
blk 18:
33333333
33333333
33333333
33333333
33333333
33333333
33333333
33333333
blk 19:
33333333
33333333
33333333
33333333
33333333
33333333
33333333
33333333
blk 20:
33333333
33333333
33333333
33333333
33333333
33333333
33333333
33333333
blk 21:
33333333
33333333
33333333
33333333
33333333
33333333
33333333
33333333
blk 22:
33333333
33333333
33333333
33333333
33333333
33333333
33333333
33333333
blk 23:
33333333
33333333
33333333
33333333
33333333
33333333
33333333
33333333
blk 24:
33333333
33333333
33333333
33333333
33333333
33333333
33333333
33333333
blk 25:
33333333
33333333
33333333
33333333
33333333
33333333
33333333
33333333
blk 26:
33333333
33333333
33333333
33333333
33333333
33333333
33333333
33333333
blk 27:
33333333
33333333
33333333
33333333
33333333
33333333
33333333
33333333
blk 28:
33333333
33333333
33333333
33333333
33333333
33333333
33333333
33333333
blk 29:
33333333
33333333
33333333
33333333
33333333
33333333
33333333
33333333
blk 30:
33333333
33333333
33333333
33333333
33333333
33333333
33333333
33333333
blk 31:
33333333
33333333
33333333
33333333
33333333
33333333
33333333
33333333
blk 32:
33333333
33333333
33333333
33333333
33333333
33333333
33333333
33333333
blk 33:
33333333
33333333
33333333
33333333
33333333
33333333
33333333
33333333
blk 34:
33333333
33333333
33333333
33333333
33333333
33333333
33333333
33333333
blk 35:
33333333
33333333
33333333
33333333
33333333
33333333
33333333
33333333
blk 36:
33333333
33333333
33333333
33333333
33333333
33333333
33333333
33333333
blk 37:
33333333
33333333
33333333
33333333
33333333
33333333
33333333
33333333
blk 38:
33333333
33333333
33333333
33333333
33333333
33333333
33333333
33333333
blk 39:
33333333
33333333
33333333
33333333
33333333
33333333
33333333
33333333
blk 40:
33333333
33333333
33333333
33333333
33333333
33333333
33333333
33333333
blk 41:
33333333
33333333
33333333
33333333
33333333
33333333
33333333
33333333
blk 42:
33333333
33333333
33333333
33333333
33333333
33333333
33333333
33333333
blk 43:
33333333
33333333
33333333
33333333
33333333
33333333
33333333
33333333
blk 44:
33333333
33333333
33333333
33333333
33333333
33333333
33333333
33333333
blk 45:
33333333
33333333
33333333
33333333
33333333
33333333
33333333
33333333
blk 46:
33333333
33333333
33333333
33333333
33333333
33333333
33333333
33333333
blk 47:
33333333
33333333
33333333
33333333
33333333
33333333
33333333
33333333
blk 48:
33333333
33333333
33333333
33333333
33333333
33333333
33333333
33333333
blk 49:
33333333
33333333
33333333
33333333
33333333
33333333
33333333
33333333
blk 50:
33333333
33333333
33333333
33333333
33333333
33333333
33333333
33333333
blk 51:
33333333
33333333
33333333
33333333
33333333
33333333
33333333
33333333
blk 52:
33333333
33333333
33333333
33333333
33333333
33333333
33333333
33333333
blk 53:
33333333
33333333
33333333
33333333
33333333
33333333
33333333
33333333
blk 54:
33333333
33333333
33333333
33333333
33333333
33333333
33333333
33333333
blk 55:
33333333
33333333
33333333
33333333
33333333
33333333
33333333
33333333
blk 56:
33333333
33333333
33333333
33333333
33333333
33333333
33333333
33333333
blk 57:
33333333
33333333
33333333
33333333
33333333
33333333
33333333
33333333
blk 58:
33333333
33333333
33333333
33333333
33333333
33333333
33333333
33333333
blk 59:
33333333
33333333
33333333
33333333
33333333
33333333
33333333
33333333
blk 60:
33333333
33333333
33333333
33333333
33333333
33333333
33333333
33333333
blk 61:
33333333
33333333
33333333
33333333
33333333
33333333
33333333
33333333
blk 62:
33333333
33333333
33333333
33333333
33333333
33333333
33333333
33333333
blk 63:
33333333
33333333
33333333
33333333
33333333
33333333
33333333
33333333
blk 64:
33333333
33333333
33333333
33333333
33333333
33333333
33333333
33333333
blk 65:
33333333
33333333
33333333
33333333
33333333
33333333
33333333
33333333
blk 66:
33333333
33333333
33333333
33333333
33333333
33333333
33333333
33333333
blk 67:
33333333
33333333
33333333
33333333
33333333
33333333
33333333
33333333
blk 68:
33333333
33333333
33333333
33333333
33333333
33333333
33333333
33333333
blk 69:
33333333
33333333
33333333
33333333
33333333
33333333
33333333
33333333
blk 70:
33333333
33333333
33333333
33333333
33333333
33333333
33333333
33333333
blk 71:
33333333
33333333
33333333
33333333
33333333
33333333
33333333
33333333
blk 72:
33333333
33333333
33333333
33333333
33333333
33333333
33333333
33333333
blk 73:
33333333
33333333
33333333
33333333
33333333
33333333
33333333
33333333
blk 74:
33333333
33333333
33333333
33333333
33333333
33333333
33333333
33333333
blk 75:
33333333
33333333
33333333
33333333
33333333
33333333
33333333
33333333
blk 76:
33333333
33333333
33333333
33333333
33333333
33333333
33333333
33333333
blk 77:
33333333
33333333
33333333
33333333
33333333
33333333
33333333
33333333
blk 78:
33333333
33333333
33333333
33333333
33333333
33333333
33333333
33333333
blk 79:
33333333
33333333
33333333
33333333
33333333
33333333
33333333
33333333
blk 80:
33333333
33333333
33333333
33333333
33333333
33333333
33333333
33333333
blk 81:
33333333
33333333
33333333
33333333
33333333
33333333
33333333
33333333
blk 82:
33333333
33333333
33333333
33333333
33333333
33333333
33333333
33333333
blk 83:
33333333
33333333
33333333
33333333
33333333
33333333
33333333
33333333
blk 84:
33333333
33333333
33333333
33333333
33333333
33333333
33333333
33333333
blk 85:
33333333
33333333
33333333
33333333
33333333
33333333
33333333
33333333
blk 86:
33333333
33333333
33333333
33333333
33333333
33333333
33333333
33333333
blk 87:
33333333
33333333
33333333
33333333
33333333
33333333
33333333
33333333
blk 88:
33333333
33333333
33333333
33333333
33333333
33333333
33333333
33333333
blk 89:
33333333
33333333
33333333
33333333
33333333
33333333
33333333
33333333
blk 90:
33333333
33333333
33333333
33333333
33333333
33333333
33333333
33333333
blk 91:
33333333
33333333
33333333
33333333
33333333
33333333
33333333
33333333
blk 92:
33333333
33333333
33333333
33333333
33333333
33333333
33333333
33333333
blk 93:
33333333
33333333
33333333
33333333
33333333
33333333
33333333
33333333
blk 94:
33333333
33333333
33333333
33333333
33333333
33333333
33333333
33333333
blk 95:
33333333
33333333
33333333
33333333
33333333
33333333
33333333
33333333
blk 96:
33333333
33333333
33333333
33333333
33333333
33333333
33333333
33333333
blk 97:
33333333
33333333
33333333
33333333
33333333
33333333
33333333
33333333
blk 98:
33333333
33333333
33333333
33333333
33333333
33333333
33333333
33333333
blk 99:
33333333
33333333
33333333
33333333
33333333
33333333
33333333
33333333
blk 100:
33333333
33333333
33333333
33333333
33333333
33333333
33333333
33333333
blk 101:
33333333
33333333
33333333
33333333
33333333
33333333
33333333
33333333
blk 102:
33333333
33333333
33333333
33333333
33333333
33333333
33333333
33333333
blk 103:
33333333
33333333
33333333
33333333
33333333
33333333
33333333
33333333
blk 104:
33333333
33333333
33333333
33333333
33333333
33333333
33333333
33333333
blk 105:
33333333
33333333
33333333
33333333
33333333
33333333
33333333
33333333
blk 106:
33333333
33333333
33333333
33333333
33333333
33333333
33333333
33333333
blk 107:
33333333
33333333
33333333
33333333
33333333
33333333
33333333
33333333
blk 108:
33333333
33333333
33333333
33333333
33333333
33333333
33333333
33333333
blk 109:
33333333
33333333
33333333
33333333
33333333
33333333
33333333
33333333
blk 110:
33333333
33333333
33333333
33333333
33333333
33333333
33333333
33333333
blk 111:
33333333
33333333
33333333
33333333
33333333
33333333
33333333
33333333
blk 112:
33333333
33333333
33333333
33333333
33333333
33333333
33333333
33333333
blk 113:
33333333
33333333
33333333
33333333
33333333
33333333
33333333
33333333
blk 114:
33333333
33333333
33333333
33333333
33333333
33333333
33333333
33333333
blk 115:
33333333
33333333
33333333
33333333
33333333
33333333
33333333
33333333
blk 116:
33333333
33333333
33333333
33333333
33333333
33333333
33333333
33333333
blk 117:
33333333
33333333
33333333
33333333
33333333
33333333
33333333
33333333
blk 118:
33333333
33333333
33333333
33333333
33333333
33333333
33333333
33333333
blk 119:
33333333
33333333
33333333
33333333
33333333
33333333
33333333
33333333
blk 120:
33333333
33333333
33333333
33333333
33333333
33333333
33333333
33333333
blk 121:
33333333
33333333
33333333
33333333
33333333
33333333
33333333
33333333
blk 122:
33333333
33333333
33333333
33333333
33333333
33333333
33333333
33333333
blk 123:
33333333
33333333
33333333
33333333
33333333
33333333
33333333
33333333
blk 124:
33333333
33333333
33333333
33333333
33333333
33333333
33333333
33333333
blk 125:
33333333
33333333
33333333
33333333
33333333
33333333
33333333
33333333
blk 126:
33333333
33333333
33333333
33333333
33333333
33333333
33333333
33333333
blk 127:
33333333
33333333
33333333
33333333
33333333
33333333
33333333
33333333
blk 128:
33333333
33333333
33333333
33333333
33333333
33333333
33333333
33333333
blk 129:
33333333
33333333
33333333
33333333
33333333
33333333
33333333
33333333
blk 130:
33333333
33333333
33333333
33333333
33333333
33333333
33333333
33333333
blk 131:
33333333
33333333
33333333
33333333
33333333
33333333
33333333
33333333
blk 132:
33333333
33333333
33333333
33333333
33333333
33333333
33333333
33333333
blk 133:
33333333
33333333
33333333
33333333
33333333
33333333
33333333
33333333
blk 134:
33333333
33333333
33333333
33333333
33333333
33333333
33333333
33333333
blk 135:
33333333
33333333
33333333
33333333
33333333
33333333
33333333
33333333
blk 136:
33333333
33333333
33333333
33333333
33333333
33333333
33333333
33333333
blk 137:
33333333
33333333
33333333
33333333
33333333
33333333
33333333
33333333
blk 138:
33333333
33333333
33333333
33333333
33333333
33333333
33333333
33333333
blk 139:
33333333
33333333
33333333
33333333
33333333
33333333
33333333
33333333
blk 140:
33333333
33333333
33333333
33333333
33333333
33333333
33333333
33333333
blk 141:
33333333
33333333
33333333
33333333
33333333
33333333
33333333
33333333
blk 142:
33333333
33333333
33333333
33333333
33333333
33333333
33333333
33333333
blk 143:
33333333
33333333
33333333
33333333
33333333
33333333
33333333
33333333
blk 144:
33333333
33333333
33333333
33333333
33333333
33333333
33333333
33333333
blk 145:
33333333
33333333
33333333
33333333
33333333
33333333
33333333
33333333
blk 146:
33333333
33333333
33333333
33333333
33333333
33333333
33333333
33333333
blk 147:
33333333
33333333
33333333
33333333
33333333
33333333
33333333
33333333
blk 148:
33333333
33333333
33333333
33333333
33333333
33333333
33333333
33333333
blk 149:
33333333
33333333
33333333
33333333
33333333
33333333
33333333
33333333
blk 150:
33333333
33333333
33333333
33333333
33333333
33333333
33333333
33333333
blk 151:
33333333
33333333
33333333
33333333
33333333
33333333
33333333
33333333
blk 152:
33333333
33333333
33333333
33333333
33333333
33333333
33333333
33333333
blk 153:
33333333
33333333
33333333
33333333
33333333
33333333
33333333
33333333
blk 154:
33333333
33333333
33333333
33333333
33333333
33333333
33333333
33333333
blk 155:
33333333
33333333
33333333
33333333
33333333
33333333
33333333
33333333
blk 156:
33333333
33333333
33333333
33333333
33333333
33333333
33333333
33333333
blk 157:
33333333
33333333
33333333
33333333
33333333
33333333
33333333
33333333
blk 158:
33333333
33333333
33333333
33333333
33333333
33333333
33333333
33333333
blk 159:
33333333
33333333
33333333
33333333
33333333
33333333
33333333
33333333
blk 160:
33333333
33333333
33333333
33333333
33333333
33333333
33333333
33333333
blk 161:
33333333
33333333
33333333
33333333
33333333
33333333
33333333
33333333
blk 162:
33333333
33333333
33333333
33333333
33333333
33333333
33333333
33333333
blk 163:
33333333
33333333
33333333
33333333
33333333
33333333
33333333
33333333
blk 164:
33333333
33333333
33333333
33333333
33333333
33333333
33333333
33333333
blk 165:
33333333
33333333
33333333
33333333
33333333
33333333
33333333
33333333
blk 166:
33333333
33333333
33333333
33333333
33333333
33333333
33333333
33333333
blk 167:
33333333
33333333
33333333
33333333
33333333
33333333
33333333
33333333
blk 168:
33333333
33333333
33333333
33333333
33333333
33333333
33333333
33333333
blk 169:
33333333
33333333
33333333
33333333
33333333
33333333
33333333
33333333
blk 170:
33333333
33333333
33333333
33333333
33333333
33333333
33333333
33333333
blk 171:
33333333
33333333
33333333
33333333
33333333
33333333
33333333
33333333
blk 172:
33333333
33333333
33333333
33333333
33333333
33333333
33333333
33333333
blk 173:
33333333
33333333
33333333
33333333
33333333
33333333
33333333
33333333
blk 174:
33333333
33333333
33333333
33333333
33333333
33333333
33333333
33333333
blk 175:
33333333
33333333
33333333
33333333
33333333
33333333
33333333
33333333
blk 176:
33333333
33333333
33333333
33333333
33333333
33333333
33333333
33333333
blk 177:
33333333
33333333
33333333
33333333
33333333
33333333
33333333
33333333
blk 178:
33333333
33333333
33333333
33333333
33333333
33333333
33333333
33333333
blk 179:
33333333
33333333
33333333
33333333
33333333
33333333
33333333
33333333
blk 180:
33333333
33333333
33333333
33333333
33333333
33333333
33333333
33333333
blk 181:
33333333
33333333
33333333
33333333
33333333
33333333
33333333
33333333
blk 182:
33333333
33333333
33333333
33333333
33333333
33333333
33333333
33333333
blk 183:
33333333
33333333
33333333
33333333
33333333
33333333
33333333
33333333
blk 184:
33333333
33333333
33333333
33333333
33333333
33333333
33333333
33333333
blk 185:
33333333
33333333
33333333
33333333
33333333
33333333
33333333
33333333
blk 186:
33333333
33333333
33333333
33333333
33333333
33333333
33333333
33333333
blk 187:
33333333
33333333
33333333
33333333
33333333
33333333
33333333
33333333
blk 188:
33333333
33333333
33333333
33333333
33333333
33333333
33333333
33333333
blk 189:
33333333
33333333
33333333
33333333
33333333
33333333
33333333
33333333
blk 190:
33333333
33333333
33333333
33333333
33333333
33333333
33333333
33333333
blk 191:
33333333
33333333
33333333
33333333
33333333
33333333
33333333
33333333
blk 192:
33333333
33333333
33333333
33333333
33333333
33333333
33333333
33333333
blk 193:
33333333
33333333
33333333
33333333
33333333
33333333
33333333
33333333
blk 194:
33333333
33333333
33333333
33333333
33333333
33333333
33333333
33333333
blk 195:
33333333
33333333
33333333
33333333
33333333
33333333
33333333
33333333
blk 196:
33333333
33333333
33333333
33333333
33333333
33333333
33333333
33333333
blk 197:
33333333
33333333
33333333
33333333
33333333
33333333
33333333
33333333
blk 198:
33333333
33333333
33333333
33333333
33333333
33333333
33333333
33333333
blk 199:
33333333
33333333
33333333
33333333
33333333
33333333
33333333
33333333
blk 200:
33333333
33333333
33333333
33333333
33333333
33333333
33333333
33333333
blk 201:
33333333
33333333
33333333
33333333
33333333
33333333
33333333
33333333
blk 202:
33333333
33333333
33333333
33333333
33333333
33333333
33333333
33333333
blk 203:
33333333
33333333
33333333
33333333
33333333
33333333
33333333
33333333
blk 204:
33333333
33333333
33333333
33333333
33333333
33333333
33333333
33333333
blk 205:
33333333
33333333
33333333
33333333
33333333
33333333
33333333
33333333
blk 206:
33333333
33333333
33333333
33333333
33333333
33333333
33333333
33333333
blk 207:
33333333
33333333
33333333
33333333
33333333
33333333
33333333
33333333
blk 208:
33333333
33333333
33333333
33333333
33333333
33333333
33333333
33333333
blk 209:
33333333
33333333
33333333
33333333
33333333
33333333
33333333
33333333
blk 210:
33333333
33333333
33333333
33333333
33333333
33333333
33333333
33333333
blk 211:
33333333
33333333
33333333
33333333
33333333
33333333
33333333
33333333
blk 212:
33333333
33333333
33333333
33333333
33333333
33333333
33333333
33333333
blk 213:
33333333
33333333
33333333
33333333
33333333
33333333
33333333
33333333
blk 214:
33333333
33333333
33333333
33333333
33333333
33333333
33333333
33333333
blk 215:
33333333
33333333
33333333
33333333
33333333
33333333
33333333
33333333
blk 216:
33333333
33333333
33333333
33333333
33333333
33333333
33333333
33333333
blk 217:
33333333
33333333
33333333
33333333
33333333
33333333
33333333
33333333
blk 218:
33333333
33333333
33333333
33333333
33333333
33333333
33333333
33333333
blk 219:
33333333
33333333
33333333
33333333
33333333
33333333
33333333
33333333
blk 220:
33333333
33333333
33333333
33333333
33333333
33333333
33333333
33333333
blk 221:
33333333
33333333
33333333
33333333
33333333
33333333
33333333
33333333
blk 222:
33333333
33333333
33333333
33333333
33333333
33333333
33333333
33333333
blk 223:
33333333
33333333
33333333
33333333
33333333
33333333
33333333
33333333
blk 224:
33333333
33333333
33333333
33333333
33333333
33333333
33333333
33333333
blk 225:
33333333
33333333
33333333
33333333
33333333
33333333
33333333
33333333
blk 226:
33333333
33333333
33333333
33333333
33333333
33333333
33333333
33333333
blk 227:
33333333
33333333
33333333
33333333
33333333
33333333
33333333
33333333
blk 228:
33333333
33333333
33333333
33333333
33333333
33333333
33333333
33333333
blk 229:
33333333
33333333
33333333
33333333
33333333
33333333
33333333
33333333
blk 230:
33333333
33333333
33333333
33333333
33333333
33333333
33333333
33333333
blk 231:
33333333
33333333
33333333
33333333
33333333
33333333
33333333
33333333
blk 232:
33333333
33333333
33333333
33333333
33333333
33333333
33333333
33333333
blk 233:
33333333
33333333
33333333
33333333
33333333
33333333
33333333
33333333
blk 234:
33333333
33333333
33333333
33333333
33333333
33333333
33333333
33333333
blk 235:
33333333
33333333
33333333
33333333
33333333
33333333
33333333
33333333
blk 236:
33333333
33333333
33333333
33333333
33333333
33333333
33333333
33333333
blk 237:
33333333
33333333
33333333
33333333
33333333
33333333
33333333
33333333
blk 238:
33333333
33333333
33333333
33333333
33333333
33333333
33333333
33333333
blk 239:
33333333
33333333
33333333
33333333
33333333
33333333
33333333
33333333
blk 240:
33333333
33333333
33333333
33333333
33333333
33333333
33333333
33333333
blk 241:
33333333
33333333
33333333
33333333
33333333
33333333
33333333
33333333
blk 242:
33333333
33333333
33333333
33333333
33333333
33333333
33333333
33333333
blk 243:
33333333
33333333
33333333
33333333
33333333
33333333
33333333
33333333
blk 244:
33333333
33333333
33333333
33333333
33333333
33333333
33333333
33333333
blk 245:
33333333
33333333
33333333
33333333
33333333
33333333
33333333
33333333
blk 246:
33333333
33333333
33333333
33333333
33333333
33333333
33333333
33333333
blk 247:
33333333
33333333
33333333
33333333
33333333
33333333
33333333
33333333
blk 248:
33333333
33333333
33333333
33333333
33333333
33333333
33333333
33333333
blk 249:
33333333
33333333
33333333
33333333
33333333
33333333
33333333
33333333
blk 250:
33333333
33333333
33333333
33333333
33333333
33333333
33333333
33333333
blk 251:
33333333
33333333
33333333
33333333
33333333
33333333
33333333
33333333
blk 252:
33333333
33333333
33333333
33333333
33333333
33333333
33333333
33333333
blk 253:
33333333
33333333
33333333
33333333
33333333
33333333
33333333
33333333
blk 254:
33333333
33333333
33333333
33333333
33333333
33333333
33333333
33333333
blk 255:
33333333
33333333
33333333
33333333
33333333
33333333
33333333
33333333
blk 256:
33333333
33333333
33333333
33333333
33333333
33333333
33333333
33333333
blk 257:
33333333
33333333
33333333
33333333
33333333
33333333
33333333
33333333
blk 258:
33333333
33333333
33333333
33333333
33333333
33333333
33333333
33333333
blk 259:
33333333
33333333
33333333
33333333
33333333
33333333
33333333
33333333
blk 260:
33333333
33333333
33333333
33333333
33333333
33333333
33333333
33333333
blk 261:
33333333
33333333
33333333
33333333
33333333
33333333
33333333
33333333
blk 262:
33333333
33333333
33333333
33333333
33333333
33333333
33333333
33333333
blk 263:
33333333
33333333
33333333
33333333
33333333
33333333
33333333
33333333
blk 264:
33333333
33333333
33333333
33333333
33333333
33333333
33333333
33333333
blk 265:
33333333
33333333
33333333
33333333
33333333
33333333
33333333
33333333
blk 266:
33333333
33333333
33333333
33333333
33333333
33333333
33333333
33333333
blk 267:
33333333
33333333
33333333
33333333
33333333
33333333
33333333
33333333
blk 268:
33333333
33333333
33333333
33333333
33333333
33333333
33333333
33333333
blk 269:
33333333
33333333
33333333
33333333
33333333
33333333
33333333
33333333
blk 270:
33333333
33333333
33333333
33333333
33333333
33333333
33333333
33333333
blk 271:
33333333
33333333
33333333
33333333
33333333
33333333
33333333
33333333
blk 272:
33333333
33333333
33333333
33333333
33333333
33333333
33333333
33333333
blk 273:
33333333
33333333
33333333
33333333
33333333
33333333
33333333
33333333
blk 274:
33333333
33333333
33333333
33333333
33333333
33333333
33333333
33333333
blk 275:
33333333
33333333
33333333
33333333
33333333
33333333
33333333
33333333
blk 276:
33333333
33333333
33333333
33333333
33333333
33333333
33333333
33333333
blk 277:
33333333
33333333
33333333
33333333
33333333
33333333
33333333
33333333
blk 278:
33333333
33333333
33333333
33333333
33333333
33333333
33333333
33333333
blk 279:
33333333
33333333
33333333
33333333
33333333
33333333
33333333
33333333
blk 280:
33333333
33333333
33333333
33333333
33333333
33333333
33333333
33333333
blk 281:
33333333
33333333
33333333
33333333
33333333
33333333
33333333
33333333
blk 282:
33333333
33333333
33333333
33333333
33333333
33333333
33333333
33333333
blk 283:
33333333
33333333
33333333
33333333
33333333
33333333
33333333
33333333
blk 284:
33333333
33333333
33333333
33333333
33333333
33333333
33333333
33333333
blk 285:
33333333
33333333
33333333
33333333
33333333
33333333
33333333
33333333
blk 286:
33333333
33333333
33333333
33333333
33333333
33333333
33333333
33333333
blk 287:
33333333
33333333
33333333
33333333
33333333
33333333
33333333
33333333
blk 288:
33333333
33333333
33333333
33333333
33333333
33333333
33333333
33333333
blk 289:
33333333
33333333
33333333
33333333
33333333
33333333
33333333
33333333
blk 290:
33333333
33333333
33333333
33333333
33333333
33333333
33333333
33333333
blk 291:
33333333
33333333
33333333
33333333
33333333
33333333
33333333
33333333
blk 292:
33333333
33333333
33333333
33333333
33333333
33333333
33333333
33333333
blk 293:
33333333
33333333
33333333
33333333
33333333
33333333
33333333
33333333
blk 294:
33333333
33333333
33333333
33333333
33333333
33333333
33333333
33333333
blk 295:
33333333
33333333
33333333
33333333
33333333
33333333
33333333
33333333
blk 296:
33333333
33333333
33333333
33333333
33333333
33333333
33333333
33333333
blk 297:
33333333
33333333
33333333
33333333
33333333
33333333
33333333
33333333
blk 298:
33333333
33333333
33333333
33333333
33333333
33333333
33333333
33333333
blk 299:
33333333
33333333
33333333
33333333
33333333
33333333
33333333
33333333
blk 300:
33333333
33333333
33333333
33333333
33333333
33333333
33333333
33333333
blk 301:
33333333
33333333
33333333
33333333
33333333
33333333
33333333
33333333
blk 302:
33333333
33333333
33333333
33333333
33333333
33333333
33333333
33333333
blk 303:
33333333
33333333
33333333
33333333
33333333
33333333
33333333
33333333
blk 304:
33333333
33333333
33333333
33333333
33333333
33333333
33333333
33333333
blk 305:
33333333
33333333
33333333
33333333
33333333
33333333
33333333
33333333
blk 306:
33333333
33333333
33333333
33333333
33333333
33333333
33333333
33333333
blk 307:
33333333
33333333
33333333
33333333
33333333
33333333
33333333
33333333
blk 308:
33333333
33333333
33333333
33333333
33333333
33333333
33333333
33333333
blk 309:
33333333
33333333
33333333
33333333
33333333
33333333
33333333
33333333
blk 310:
33333333
33333333
33333333
33333333
33333333
33333333
33333333
33333333
blk 311:
33333333
33333333
33333333
33333333
33333333
33333333
33333333
33333333
blk 312:
33333333
33333333
33333333
33333333
33333333
33333333
33333333
33333333
blk 313:
33333333
33333333
33333333
33333333
33333333
33333333
33333333
33333333
blk 314:
33333333
33333333
33333333
33333333
33333333
33333333
33333333
33333333
blk 315:
33333333
33333333
33333333
33333333
33333333
33333333
33333333
33333333
blk 316:
33333333
33333333
33333333
33333333
33333333
33333333
33333333
33333333
blk 317:
33333333
33333333
33333333
33333333
33333333
33333333
33333333
33333333
blk 318:
33333333
33333333
33333333
33333333
33333333
33333333
33333333
33333333
blk 319:
33333333
33333333
33333333
33333333
33333333
33333333
33333333
33333333
blk 320:
33333333
33333333
33333333
33333333
33333333
33333333
33333333
33333333
blk 321:
33333333
33333333
33333333
33333333
33333333
33333333
33333333
33333333
blk 322:
33333333
33333333
33333333
33333333
33333333
33333333
33333333
33333333
blk 323:
33333333
33333333
33333333
33333333
33333333
33333333
33333333
33333333
blk 324:
33333333
33333333
33333333
33333333
33333333
33333333
33333333
33333333
blk 325:
33333333
33333333
33333333
33333333
33333333
33333333
33333333
33333333
blk 326:
33333333
33333333
33333333
33333333
33333333
33333333
33333333
33333333
blk 327:
33333333
33333333
33333333
33333333
33333333
33333333
33333333
33333333
blk 328:
33333333
33333333
33333333
33333333
33333333
33333333
33333333
33333333
blk 329:
33333333
33333333
33333333
33333333
33333333
33333333
33333333
33333333
blk 330:
33333333
33333333
33333333
33333333
33333333
33333333
33333333
33333333
blk 331:
33333333
33333333
33333333
33333333
33333333
33333333
33333333
33333333
blk 332:
33333333
33333333
33333333
33333333
33333333
33333333
33333333
33333333
blk 333:
33333333
33333333
33333333
33333333
33333333
33333333
33333333
33333333
blk 334:
33333333
33333333
33333333
33333333
33333333
33333333
33333333
33333333
blk 335:
33333333
33333333
33333333
33333333
33333333
33333333
33333333
33333333
blk 336:
33333333
33333333
33333333
33333333
33333333
33333333
33333333
33333333
blk 337:
33333333
33333333
33333333
33333333
33333333
33333333
33333333
33333333
blk 338:
33333333
33333333
33333333
33333333
33333333
33333333
33333333
33333333
blk 339:
33333333
33333333
33333333
33333333
33333333
33333333
33333333
33333333
blk 340:
33333333
33333333
33333333
33333333
33333333
33333333
33333333
33333333
blk 341:
33333333
33333333
33333333
33333333
33333333
33333333
33333333
33333333
blk 342:
33333333
33333333
33333333
33333333
33333333
33333333
33333333
33333333
blk 343:
33333333
33333333
33333333
33333333
33333333
33333333
33333333
33333333
blk 344:
33333333
33333333
33333333
33333333
33333333
33333333
33333333
33333333
blk 345:
33333333
33333333
33333333
33333333
33333333
33333333
33333333
33333333
blk 346:
33333333
33333333
33333333
33333333
33333333
33333333
33333333
33333333
blk 347:
33333333
33333333
33333333
33333333
33333333
33333333
33333333
33333333
blk 348:
33333333
33333333
33333333
33333333
33333333
33333333
33333333
33333333
blk 349:
33333333
33333333
33333333
33333333
33333333
33333333
33333333
33333333
blk 350:
33333333
33333333
33333333
33333333
33333333
33333333
33333333
33333333
blk 351:
33333333
33333333
33333333
33333333
33333333
33333333
33333333
33333333
blk 352:
33333333
33333333
33333333
33333333
33333333
33333333
33333333
33333333
blk 353:
33333333
33333333
33333333
33333333
33333333
33333333
33333333
33333333
blk 354:
33333333
33333333
33333333
33333333
33333333
33333333
33333333
33333333
blk 355:
33333333
33333333
33333333
33333333
33333333
33333333
33333333
33333333
blk 356:
33333333
33333333
33333333
33333333
33333333
33333333
33333333
33333333
blk 357:
33333333
33333333
33333333
33333333
33333333
33333333
33333333
33333333
blk 358:
33333333
33333333
33333333
33333333
33333333
33333333
33333333
33333333
blk 359:
33333333
33333333
33333333
33333333
33333333
33333333
33333333
33333333
blk 360:
33333333
33333333
33333333
33333333
33333333
33333333
33333333
33333333
blk 361:
33333333
33333333
33333333
33333333
33333333
33333333
33333333
33333333
blk 362:
33333333
33333333
33333333
33333333
33333333
33333333
33333333
33333333
blk 363:
33333333
33333333
33333333
33333333
33333333
33333333
33333333
33333333
blk 364:
33333333
33333333
33333333
33333333
33333333
33333333
33333333
33333333
blk 365:
33333333
33333333
33333333
33333333
33333333
33333333
33333333
33333333
blk 366:
33333333
33333333
33333333
33333333
33333333
33333333
33333333
33333333
blk 367:
33333333
33333333
33333333
33333333
33333333
33333333
33333333
33333333
blk 368:
33333333
33333333
33333333
33333333
33333333
33333333
33333333
33333333
blk 369:
33333333
33333333
33333333
33333333
33333333
33333333
33333333
33333333
blk 370:
33333333
33333333
33333333
33333333
33333333
33333333
33333333
33333333
blk 371:
33333333
33333333
33333333
33333333
33333333
33333333
33333333
33333333
blk 372:
33333333
33333333
33333333
33333333
33333333
33333333
33333333
33333333
blk 373:
33333333
33333333
33333333
33333333
33333333
33333333
33333333
33333333
blk 374:
33333333
33333333
33333333
33333333
33333333
33333333
33333333
33333333
blk 375:
33333333
33333333
33333333
33333333
33333333
33333333
33333333
33333333
blk 376:
33333333
33333333
33333333
33333333
33333333
33333333
33333333
33333333
blk 377:
33333333
33333333
33333333
33333333
33333333
33333333
33333333
33333333
blk 378:
33333333
33333333
33333333
33333333
33333333
33333333
33333333
33333333
blk 379:
33333333
33333333
33333333
33333333
33333333
33333333
33333333
33333333
blk 380:
33333333
33333333
33333333
33333333
33333333
33333333
33333333
33333333
blk 381:
33333333
33333333
33333333
33333333
33333333
33333333
33333333
33333333
blk 382:
33333333
33333333
33333333
33333333
33333333
33333333
33333333
33333333
blk 383:
33333333
33333333
33333333
33333333
33333333
33333333
33333333
33333333
blk 384:
33333333
33333333
33333333
33333333
33333333
33333333
33333333
33333333
blk 385:
33333333
33333333
33333333
33333333
33333333
33333333
33333333
33333333
blk 386:
33333333
33333333
33333333
33333333
33333333
33333333
33333333
33333333
blk 387:
33333333
33333333
33333333
33333333
33333333
33333333
33333333
33333333
blk 388:
33333333
33333333
33333333
33333333
33333333
33333333
33333333
33333333
blk 389:
33333333
33333333
33333333
33333333
33333333
33333333
33333333
33333333
blk 390:
33333333
33333333
33333333
33333333
33333333
33333333
33333333
33333333
blk 391:
33333333
33333333
33333333
33333333
33333333
33333333
33333333
33333333
blk 392:
33333333
33333333
33333333
33333333
33333333
33333333
33333333
33333333
blk 393:
33333333
33333333
33333333
33333333
33333333
33333333
33333333
33333333
blk 394:
33333333
33333333
33333333
33333333
33333333
33333333
33333333
33333333
blk 395:
33333333
33333333
33333333
33333333
33333333
33333333
33333333
33333333
blk 396:
33333333
33333333
33333333
33333333
33333333
33333333
33333333
33333333
blk 397:
33333333
33333333
33333333
33333333
33333333
33333333
33333333
33333333
blk 398:
33333333
33333333
33333333
33333333
33333333
33333333
33333333
33333333
blk 399:
33333333
33333333
33333333
33333333
33333333
33333333
33333333
33333333
blk 400:
33333333
33333333
33333333
33333333
33333333
33333333
33333333
33333333
blk 401:
33333333
33333333
33333333
33333333
33333333
33333333
33333333
33333333
blk 402:
33333333
33333333
33333333
33333333
33333333
33333333
33333333
33333333
blk 403:
33333333
33333333
33333333
33333333
33333333
33333333
33333333
33333333
blk 404:
33333333
33333333
33333333
33333333
33333333
33333333
33333333
33333333
blk 405:
33333333
33333333
33333333
33333333
33333333
33333333
33333333
33333333
blk 406:
33333333
33333333
33333333
33333333
33333333
33333333
33333333
33333333
blk 407:
33333333
33333333
33333333
33333333
33333333
33333333
33333333
33333333
blk 408:
33333333
33333333
33333333
33333333
33333333
33333333
33333333
33333333
blk 409:
33333333
33333333
33333333
33333333
33333333
33333333
33333333
33333333
blk 410:
33333333
33333333
33333333
33333333
33333333
33333333
33333333
33333333
blk 411:
33333333
33333333
33333333
33333333
33333333
33333333
33333333
33333333
blk 412:
33333333
33333333
33333333
33333333
33333333
33333333
33333333
33333333
blk 413:
33333333
33333333
33333333
33333333
33333333
33333333
33333333
33333333
blk 414:
33333333
33333333
33333333
33333333
33333333
33333333
33333333
33333333
blk 415:
33333333
33333333
33333333
33333333
33333333
33333333
33333333
33333333
blk 416:
33333333
33333333
33333333
33333333
33333333
33333333
33333333
33333333
blk 417:
33333333
33333333
33333333
33333333
33333333
33333333
33333333
33333333
blk 418:
33333333
33333333
33333333
33333333
33333333
33333333
33333333
33333333
blk 419:
33333333
33333333
33333333
33333333
33333333
33333333
33333333
33333333
blk 420:
33333333
33333333
33333333
33333333
33333333
33333333
33333333
33333333
blk 421:
33333333
33333333
33333333
33333333
33333333
33333333
33333333
33333333
blk 422:
33333333
33333333
33333333
33333333
33333333
33333333
33333333
33333333
blk 423:
33333333
33333333
33333333
33333333
33333333
33333333
33333333
33333333
blk 424:
33333333
33333333
33333333
33333333
33333333
33333333
33333333
33333333
blk 425:
33333333
33333333
33333333
33333333
33333333
33333333
33333333
33333333
blk 426:
33333333
33333333
33333333
33333333
33333333
33333333
33333333
33333333
blk 427:
33333333
33333333
33333333
33333333
33333333
33333333
33333333
33333333
blk 428:
33333333
33333333
33333333
33333333
33333333
33333333
33333333
33333333
blk 429:
33333333
33333333
33333333
33333333
33333333
33333333
33333333
33333333
blk 430:
33333333
33333333
33333333
33333333
33333333
33333333
33333333
33333333
blk 431:
33333333
33333333
33333333
33333333
33333333
33333333
33333333
33333333
blk 432:
33333333
33333333
33333333
33333333
33333333
33333333
33333333
33333333
blk 433:
33333333
33333333
33333333
33333333
33333333
33333333
33333333
33333333
blk 434:
33333333
33333333
33333333
33333333
33333333
33333333
33333333
33333333
blk 435:
33333333
33333333
33333333
33333333
33333333
33333333
33333333
33333333
blk 436:
33333333
33333333
33333333
33333333
33333333
33333333
33333333
33333333
blk 437:
33333333
33333333
33333333
33333333
33333333
33333333
33333333
33333333
blk 438:
33333333
33333333
33333333
33333333
33333333
33333333
33333333
33333333
blk 439:
33333333
33333333
33333333
33333333
33333333
33333333
33333333
33333333
blk 440:
33333333
33333333
33333333
33333333
33333333
33333333
33333333
33333333
blk 441:
33333333
33333333
33333333
33333333
33333333
33333333
33333333
33333333
blk 442:
33333333
33333333
33333333
33333333
33333333
33333333
33333333
33333333
blk 443:
33333333
33333333
33333333
33333333
33333333
33333333
33333333
33333333
blk 444:
33333333
33333333
33333333
33333333
33333333
33333333
33333333
33333333
blk 445:
33333333
33333333
33333333
33333333
33333333
33333333
33333333
33333333
blk 446:
33333333
33333333
33333333
33333333
33333333
33333333
33333333
33333333
blk 447:
33333333
33333333
33333333
33333333
33333333
33333333
33333333
33333333
blk 448:
33333333
33333333
33333333
33333333
33333333
33333333
33333333
33333333
blk 449:
33333333
33333333
33333333
33333333
33333333
33333333
33333333
33333333
blk 450:
33333333
33333333
33333333
33333333
33333333
33333333
33333333
33333333
blk 451:
33333333
33333333
33333333
33333333
33333333
33333333
33333333
33333333
blk 452:
33333333
33333333
33333333
33333333
33333333
33333333
33333333
33333333
blk 453:
33333333
33333333
33333333
33333333
33333333
33333333
33333333
33333333
blk 454:
33333333
33333333
33333333
33333333
33333333
33333333
33333333
33333333
blk 455:
33333333
33333333
33333333
33333333
33333333
33333333
33333333
33333333
blk 456:
33333333
33333333
33333333
33333333
33333333
33333333
33333333
33333333
blk 457:
33333333
33333333
33333333
33333333
33333333
33333333
33333333
33333333
blk 458:
33333333
33333333
33333333
33333333
33333333
33333333
33333333
33333333
blk 459:
33333333
33333333
33333333
33333333
33333333
33333333
33333333
33333333
blk 460:
33333333
33333333
33333333
33333333
33333333
33333333
33333333
33333333
blk 461:
33333333
33333333
33333333
33333333
33333333
33333333
33333333
33333333
blk 462:
33333333
33333333
33333333
33333333
33333333
33333333
33333333
33333333
blk 463:
33333333
33333333
33333333
33333333
33333333
33333333
33333333
33333333
blk 464:
33333333
33333333
33333333
33333333
33333333
33333333
33333333
33333333
blk 465:
33333333
33333333
33333333
33333333
33333333
33333333
33333333
33333333
blk 466:
33333333
33333333
33333333
33333333
33333333
33333333
33333333
33333333
blk 467:
33333333
33333333
33333333
33333333
33333333
33333333
33333333
33333333
blk 468:
33333333
33333333
33333333
33333333
33333333
33333333
33333333
33333333
blk 469:
33333333
33333333
33333333
33333333
33333333
33333333
33333333
33333333
blk 470:
33333333
33333333
33333333
33333333
33333333
33333333
33333333
33333333
blk 471:
33333333
33333333
33333333
33333333
33333333
33333333
33333333
33333333
blk 472:
33333333
33333333
33333333
33333333
33333333
33333333
33333333
33333333
blk 473:
33333333
33333333
33333333
33333333
33333333
33333333
33333333
33333333
blk 474:
33333333
33333333
33333333
33333333
33333333
33333333
33333333
33333333
blk 475:
33333333
33333333
33333333
33333333
33333333
33333333
33333333
33333333
blk 476:
33333333
33333333
33333333
33333333
33333333
33333333
33333333
33333333
blk 477:
33333333
33333333
33333333
33333333
33333333
33333333
33333333
33333333
blk 478:
33333333
33333333
33333333
33333333
33333333
33333333
33333333
33333333
blk 479:
33333333
33333333
33333333
33333333
33333333
33333333
33333333
33333333
blk 480:
33333333
33333333
33333333
33333333
33333333
33333333
33333333
33333333
blk 481:
33333333
33333333
33333333
33333333
33333333
33333333
33333333
33333333
blk 482:
33333333
33333333
33333333
33333333
33333333
33333333
33333333
33333333
blk 483:
33333333
33333333
33333333
33333333
33333333
33333333
33333333
33333333
blk 484:
33333333
33333333
33333333
33333333
33333333
33333333
33333333
33333333
blk 485:
33333333
33333333
33333333
33333333
33333333
33333333
33333333
33333333
blk 486:
33333333
33333333
33333333
33333333
33333333
33333333
33333333
33333333
blk 487:
33333333
33333333
33333333
33333333
33333333
33333333
33333333
33333333
blk 488:
33333333
33333333
33333333
33333333
33333333
33333333
33333333
33333333
blk 489:
33333333
33333333
33333333
33333333
33333333
33333333
33333333
33333333
blk 490:
33333333
33333333
33333333
33333333
33333333
33333333
33333333
33333333
blk 491:
33333333
33333333
33333333
33333333
33333333
33333333
33333333
33333333
blk 492:
33333333
33333333
33333333
33333333
33333333
33333333
33333333
33333333
blk 493:
33333333
33333333
33333333
33333333
33333333
33333333
33333333
33333333
blk 494:
33333333
33333333
33333333
33333333
33333333
33333333
33333333
33333333
blk 495:
33333333
33333333
33333333
33333333
33333333
33333333
33333333
33333333
blk 496:
33333333
33333333
33333333
33333333
33333333
33333333
33333333
33333333
blk 497:
33333333
33333333
33333333
33333333
33333333
33333333
33333333
33333333
blk 498:
33333333
33333333
33333333
33333333
33333333
33333333
33333333
33333333
blk 499:
33333333
33333333
33333333
33333333
33333333
33333333
33333333
33333333
blk 500:
33333333
33333333
33333333
33333333
33333333
33333333
33333333
33333333
blk 501:
33333333
33333333
33333333
33333333
33333333
33333333
33333333
33333333
blk 502:
33333333
33333333
33333333
33333333
33333333
33333333
33333333
33333333
blk 503:
33333333
33333333
33333333
33333333
33333333
33333333
33333333
33333333
blk 504:
33333333
33333333
33333333
33333333
33333333
33333333
33333333
33333333
blk 505:
33333333
33333333
33333333
33333333
33333333
33333333
33333333
33333333
blk 506:
33333333
33333333
33333333
33333333
33333333
33333333
33333333
33333333
blk 507:
33333333
33333333
33333333
33333333
33333333
33333333
33333333
33333333
blk 508:
33333333
33333333
33333333
33333333
33333333
33333333
33333333
33333333
blk 509:
33333333
33333333
33333333
33333333
33333333
33333333
33333333
33333333
blk 510:
33333333
33333333
33333333
33333333
33333333
33333333
33333333
33333333
blk 511:
33333333
33333333
33333333
33333333
33333333
33333333
33333333
33333333
blk 512:
33333333
33333333
33333333
33333333
33333333
33333333
33333333
33333333
blk 513:
33333333
33333333
33333333
33333333
33333333
33333333
33333333
33333333
blk 514:
33333333
33333333
33333333
33333333
33333333
33333333
33333333
33333333
blk 515:
33333333
33333333
33333333
33333333
33333333
33333333
33333333
33333333
blk 516:
33333333
33333333
33333333
33333333
33333333
33333333
33333333
33333333
blk 517:
33333333
33333333
33333333
33333333
33333333
33333333
33333333
33333333
blk 518:
33333333
33333333
33333333
33333333
33333333
33333333
33333333
33333333
blk 519:
33333333
33333333
33333333
33333333
33333333
33333333
33333333
33333333
blk 520:
33333333
33333333
33333333
33333333
33333333
33333333
33333333
33333333
blk 521:
33333333
33333333
33333333
33333333
33333333
33333333
33333333
33333333
blk 522:
33333333
33333333
33333333
33333333
33333333
33333333
33333333
33333333
blk 523:
33333333
33333333
33333333
33333333
33333333
33333333
33333333
33333333
blk 524:
33333333
33333333
33333333
33333333
33333333
33333333
33333333
33333333
blk 525:
33333333
33333333
33333333
33333333
33333333
33333333
33333333
33333333
blk 526:
33333333
33333333
33333333
33333333
33333333
33333333
33333333
33333333
blk 527:
33333333
33333333
33333333
33333333
33333333
33333333
33333333
33333333
blk 528:
33333333
33333333
33333333
33333333
33333333
33333333
33333333
33333333
blk 529:
33333333
33333333
33333333
33333333
33333333
33333333
33333333
33333333
blk 530:
33333333
33333333
33333333
33333333
33333333
33333333
33333333
33333333
blk 531:
33333333
33333333
33333333
33333333
33333333
33333333
33333333
33333333
blk 532:
33333333
33333333
33333333
33333333
33333333
33333333
33333333
33333333
blk 533:
33333333
33333333
33333333
33333333
33333333
33333333
33333333
33333333
blk 534:
33333333
33333333
33333333
33333333
33333333
33333333
33333333
33333333
blk 535:
33333333
33333333
33333333
33333333
33333333
33333333
33333333
33333333
blk 536:
33333333
33333333
33333333
33333333
33333333
33333333
33333333
33333333
blk 537:
33333333
33333333
33333333
33333333
33333333
33333333
33333333
33333333
blk 538:
33333333
33333333
33333333
33333333
33333333
33333333
33333333
33333333
blk 539:
33333333
33333333
33333333
33333333
33333333
33333333
33333333
33333333
blk 540:
33333333
33333333
33333333
33333333
33333333
33333333
33333333
33333333
blk 541:
33333333
33333333
33333333
33333333
33333333
33333333
33333333
33333333
blk 542:
33333333
33333333
33333333
33333333
33333333
33333333
33333333
33333333
blk 543:
33333333
33333333
33333333
33333333
33333333
33333333
33333333
33333333
blk 544:
33333333
33333333
33333333
33333333
33333333
33333333
33333333
33333333
blk 545:
33333333
33333333
33333333
33333333
33333333
33333333
33333333
33333333
blk 546:
33333333
33333333
33333333
33333333
33333333
33333333
33333333
33333333
blk 547:
33333333
33333333
33333333
33333333
33333333
33333333
33333333
33333333
blk 548:
33333333
33333333
33333333
33333333
33333333
33333333
33333333
33333333
blk 549:
33333333
33333333
33333333
33333333
33333333
33333333
33333333
33333333
blk 550:
33333333
33333333
33333333
33333333
33333333
33333333
33333333
33333333
blk 551:
33333333
33333333
33333333
33333333
33333333
33333333
33333333
33333333
blk 552:
33333333
33333333
33333333
33333333
33333333
33333333
33333333
33333333
blk 553:
33333333
33333333
33333333
33333333
33333333
33333333
33333333
33333333
blk 554:
33333333
33333333
33333333
33333333
33333333
33333333
33333333
33333333
blk 555:
33333333
33333333
33333333
33333333
33333333
33333333
33333333
33333333
blk 556:
33333333
33333333
33333333
33333333
33333333
33333333
33333333
33333333
blk 557:
33333333
33333333
33333333
33333333
33333333
33333333
33333333
33333333
blk 558:
33333333
33333333
33333333
33333333
33333333
33333333
33333333
33333333
blk 559:
33333333
33333333
33333333
33333333
33333333
33333333
33333333
33333333
blk 560:
33333333
33333333
33333333
33333333
33333333
33333333
33333333
33333333
blk 561:
33333333
33333333
33333333
33333333
33333333
33333333
33333333
33333333
blk 562:
33333333
33333333
33333333
33333333
33333333
33333333
33333333
33333333
blk 563:
33333333
33333333
33333333
33333333
33333333
33333333
33333333
33333333
blk 564:
33333333
33333333
33333333
33333333
33333333
33333333
33333333
33333333
blk 565:
33333333
33333333
33333333
33333333
33333333
33333333
33333333
33333333
blk 566:
33333333
33333333
33333333
33333333
33333333
33333333
33333333
33333333
blk 567:
33333333
33333333
33333333
33333333
33333333
33333333
33333333
33333333
blk 568:
33333333
33333333
33333333
33333333
33333333
33333333
33333333
33333333
blk 569:
33333333
33333333
33333333
33333333
33333333
33333333
33333333
33333333
blk 570:
33333333
33333333
33333333
33333333
33333333
33333333
33333333
33333333
blk 571:
33333333
33333333
33333333
33333333
33333333
33333333
33333333
33333333
blk 572:
33333333
33333333
33333333
33333333
33333333
33333333
33333333
33333333
blk 573:
33333333
33333333
33333333
33333333
33333333
33333333
33333333
33333333
blk 574:
33333333
33333333
33333333
33333333
33333333
33333333
33333333
33333333
blk 575:
33333333
33333333
33333333
33333333
33333333
33333333
33333333
33333333
blk 576:
33333333
33333333
33333333
33333333
33333333
33333333
33333333
33333333
blk 577:
33333333
33333333
33333333
33333333
33333333
33333333
33333333
33333333
blk 578:
33333333
33333333
33333333
33333333
33333333
33333333
33333333
33333333
blk 579:
33333333
33333333
33333333
33333333
33333333
33333333
33333333
33333333
blk 580:
33333333
33333333
33333333
33333333
33333333
33333333
33333333
33333333
blk 581:
33333333
33333333
33333333
33333333
33333333
33333333
33333333
33333333
blk 582:
33333333
33333333
33333333
33333333
33333333
33333333
33333333
33333333
blk 583:
33333333
33333333
33333333
33333333
33333333
33333333
33333333
33333333
blk 584:
33333333
33333333
33333333
33333333
33333333
33333333
33333333
33333333
blk 585:
33333333
33333333
33333333
33333333
33333333
33333333
33333333
33333333
blk 586:
33333333
33333333
33333333
33333333
33333333
33333333
33333333
33333333
blk 587:
33333333
33333333
33333333
33333333
33333333
33333333
33333333
33333333
blk 588:
33333333
33333333
33333333
33333333
33333333
33333333
33333333
33333333
blk 589:
33333333
33333333
33333333
33333333
33333333
33333333
33333333
33333333
blk 590:
33333333
33333333
33333333
33333333
33333333
33333333
33333333
33333333
blk 591:
33333333
33333333
33333333
33333333
33333333
33333333
33333333
33333333
blk 592:
33333333
33333333
33333333
33333333
33333333
33333333
33333333
33333333
blk 593:
33333333
33333333
33333333
33333333
33333333
33333333
33333333
33333333
blk 594:
33333333
33333333
33333333
33333333
33333333
33333333
33333333
33333333
blk 595:
33333333
33333333
33333333
33333333
33333333
33333333
33333333
33333333
blk 596:
33333333
33333333
33333333
33333333
33333333
33333333
33333333
33333333
blk 597:
33333333
33333333
33333333
33333333
33333333
33333333
33333333
33333333
blk 598:
33333333
33333333
33333333
33333333
33333333
33333333
33333333
33333333
blk 599:
33333333
33333333
33333333
33333333
33333333
33333333
33333333
33333333
blk 600:
33333333
33333333
33333333
33333333
33333333
33333333
33333333
33333333
blk 601:
33333333
33333333
33333333
33333333
33333333
33333333
33333333
33333333
blk 602:
33333333
33333333
33333333
33333333
33333333
33333333
33333333
33333333
blk 603:
33333333
33333333
33333333
33333333
33333333
33333333
33333333
33333333
blk 604:
33333333
33333333
33333333
33333333
33333333
33333333
33333333
33333333
blk 605:
33333333
33333333
33333333
33333333
33333333
33333333
33333333
33333333
blk 606:
33333333
33333333
33333333
33333333
33333333
33333333
33333333
33333333
blk 607:
33333333
33333333
33333333
33333333
33333333
33333333
33333333
33333333
blk 608:
33333333
33333333
33333333
33333333
33333333
33333333
33333333
33333333
blk 609:
33333333
33333333
33333333
33333333
33333333
33333333
33333333
33333333
blk 610:
33333333
33333333
33333333
33333333
33333333
33333333
33333333
33333333
blk 611:
33333333
33333333
33333333
33333333
33333333
33333333
33333333
33333333
blk 612:
33333333
33333333
33333333
33333333
33333333
33333333
33333333
33333333
blk 613:
33333333
33333333
33333333
33333333
33333333
33333333
33333333
33333333
blk 614:
33333333
33333333
33333333
33333333
33333333
33333333
33333333
33333333
blk 615:
33333333
33333333
33333333
33333333
33333333
33333333
33333333
33333333
blk 616:
33333333
33333333
33333333
33333333
33333333
33333333
33333333
33333333
blk 617:
33333333
33333333
33333333
33333333
33333333
33333333
33333333
33333333
blk 618:
33333333
33333333
33333333
33333333
33333333
33333333
33333333
33333333
blk 619:
33333333
33333333
33333333
33333333
33333333
33333333
33333333
33333333
blk 620:
33333333
33333333
33333333
33333333
33333333
33333333
33333333
33333333
blk 621:
33333333
33333333
33333333
33333333
33333333
33333333
33333333
33333333
blk 622:
33333333
33333333
33333333
33333333
33333333
33333333
33333333
33333333
blk 623:
33333333
33333333
33333333
33333333
33333333
33333333
33333333
33333333
blk 624:
33333333
33333333
33333333
33333333
33333333
33333333
33333333
33333333
blk 625:
33333333
33333333
33333333
33333333
33333333
33333333
33333333
33333333
blk 626:
33333333
33333333
33333333
33333333
33333333
33333333
33333333
33333333
blk 627:
33333333
33333333
33333333
33333333
33333333
33333333
33333333
33333333
blk 628:
33333333
33333333
33333333
33333333
33333333
33333333
33333333
33333333
blk 629:
33333333
33333333
33333333
33333333
33333333
33333333
33333333
33333333
blk 630:
33333333
33333333
33333333
33333333
33333333
33333333
33333333
33333333
blk 631:
33333333
33333333
33333333
33333333
33333333
33333333
33333333
33333333
blk 632:
33333333
33333333
33333333
33333333
33333333
33333333
33333333
33333333
blk 633:
33333333
33333333
33333333
33333333
33333333
33333333
33333333
33333333
blk 634:
33333333
33333333
33333333
33333333
33333333
33333333
33333333
33333333
blk 635:
33333333
33333333
33333333
33333333
33333333
33333333
33333333
33333333
blk 636:
33333333
33333333
33333333
33333333
33333333
33333333
33333333
33333333
blk 637:
33333333
33333333
33333333
33333333
33333333
33333333
33333333
33333333
blk 638:
33333333
33333333
33333333
33333333
33333333
33333333
33333333
33333333
blk 639:
33333333
33333333
33333333
33333333
33333333
33333333
33333333
33333333
blk 640:
33333333
33333333
33333333
33333333
33333333
33333333
33333333
33333333
blk 641:
33333333
33333333
33333333
33333333
33333333
33333333
33333333
33333333
blk 642:
33333333
33333333
33333333
33333333
33333333
33333333
33333333
33333333
blk 643:
33333333
33333333
33333333
33333333
33333333
33333333
33333333
33333333
blk 644:
33333333
33333333
33333333
33333333
33333333
33333333
33333333
33333333
blk 645:
33333333
33333333
33333333
33333333
33333333
33333333
33333333
33333333
blk 646:
33333333
33333333
33333333
33333333
33333333
33333333
33333333
33333333
blk 647:
33333333
33333333
33333333
33333333
33333333
33333333
33333333
33333333
blk 648:
33333333
33333333
33333333
33333333
33333333
33333333
33333333
33333333
blk 649:
33333333
33333333
33333333
33333333
33333333
33333333
33333333
33333333
blk 650:
33333333
33333333
33333333
33333333
33333333
33333333
33333333
33333333
blk 651:
33333333
33333333
33333333
33333333
33333333
33333333
33333333
33333333
blk 652:
33333333
33333333
33333333
33333333
33333333
33333333
33333333
33333333
blk 653:
33333333
33333333
33333333
33333333
33333333
33333333
33333333
33333333
blk 654:
33333333
33333333
33333333
33333333
33333333
33333333
33333333
33333333
blk 655:
33333333
33333333
33333333
33333333
33333333
33333333
33333333
33333333
blk 656:
33333333
33333333
33333333
33333333
33333333
33333333
33333333
33333333
blk 657:
33333333
33333333
33333333
33333333
33333333
33333333
33333333
33333333
blk 658:
33333333
33333333
33333333
33333333
33333333
33333333
33333333
33333333
blk 659:
33333333
33333333
33333333
33333333
33333333
33333333
33333333
33333333
blk 660:
33333333
33333333
33333333
33333333
33333333
33333333
33333333
33333333
blk 661:
33333333
33333333
33333333
33333333
33333333
33333333
33333333
33333333
blk 662:
33333333
33333333
33333333
33333333
33333333
33333333
33333333
33333333
blk 663:
33333333
33333333
33333333
33333333
33333333
33333333
33333333
33333333
blk 664:
33333333
33333333
33333333
33333333
33333333
33333333
33333333
33333333
blk 665:
33333333
33333333
33333333
33333333
33333333
33333333
33333333
33333333
blk 666:
33333333
33333333
33333333
33333333
33333333
33333333
33333333
33333333
blk 667:
33333333
33333333
33333333
33333333
33333333
33333333
33333333
33333333
blk 668:
33333333
33333333
33333333
33333333
33333333
33333333
33333333
33333333
blk 669:
33333333
33333333
33333333
33333333
33333333
33333333
33333333
33333333
blk 670:
33333333
33333333
33333333
33333333
33333333
33333333
33333333
33333333
blk 671:
33333333
33333333
33333333
33333333
33333333
33333333
33333333
33333333
blk 672:
33333333
33333333
33333333
33333333
33333333
33333333
33333333
33333333
blk 673:
33333333
33333333
33333333
33333333
33333333
33333333
33333333
33333333
blk 674:
33333333
33333333
33333333
33333333
33333333
33333333
33333333
33333333
blk 675:
33333333
33333333
33333333
33333333
33333333
33333333
33333333
33333333
blk 676:
33333333
33333333
33333333
33333333
33333333
33333333
33333333
33333333
blk 677:
33333333
33333333
33333333
33333333
33333333
33333333
33333333
33333333
blk 678:
33333333
33333333
33333333
33333333
33333333
33333333
33333333
33333333
blk 679:
33333333
33333333
33333333
33333333
33333333
33333333
33333333
33333333
blk 680:
33333333
33333333
33333333
33333333
33333333
33333333
33333333
33333333
blk 681:
33333333
33333333
33333333
33333333
33333333
33333333
33333333
33333333
blk 682:
33333333
33333333
33333333
33333333
33333333
33333333
33333333
33333333
blk 683:
33333333
33333333
33333333
33333333
33333333
33333333
33333333
33333333
blk 684:
33333333
33333333
33333333
33333333
33333333
33333333
33333333
33333333
blk 685:
33333333
33333333
33333333
33333333
33333333
33333333
33333333
33333333
blk 686:
33333333
33333333
33333333
33333333
33333333
33333333
33333333
33333333
blk 687:
33333333
33333333
33333333
33333333
33333333
33333333
33333333
33333333
blk 688:
33333333
33333333
33333333
33333333
33333333
33333333
33333333
33333333
blk 689:
33333333
33333333
33333333
33333333
33333333
33333333
33333333
33333333
blk 690:
33333333
33333333
33333333
33333333
33333333
33333333
33333333
33333333
blk 691:
33333333
33333333
33333333
33333333
33333333
33333333
33333333
33333333
blk 692:
33333333
33333333
33333333
33333333
33333333
33333333
33333333
33333333
blk 693:
33333333
33333333
33333333
33333333
33333333
33333333
33333333
33333333
blk 694:
33333333
33333333
33333333
33333333
33333333
33333333
33333333
33333333
blk 695:
33333333
33333333
33333333
33333333
33333333
33333333
33333333
33333333
blk 696:
33333333
33333333
33333333
33333333
33333333
33333333
33333333
33333333
blk 697:
33333333
33333333
33333333
33333333
33333333
33333333
33333333
33333333
blk 698:
33333333
33333333
33333333
33333333
33333333
33333333
33333333
33333333
blk 699:
33333333
33333333
33333333
33333333
33333333
33333333
33333333
33333333
blk 700:
33333333
33333333
33333333
33333333
33333333
33333333
33333333
33333333
blk 701:
33333333
33333333
33333333
33333333
33333333
33333333
33333333
33333333
blk 702:
33333333
33333333
33333333
33333333
33333333
33333333
33333333
33333333
blk 703:
33333333
33333333
33333333
33333333
33333333
33333333
33333333
33333333
blk 704:
33333333
33333333
33333333
33333333
33333333
33333333
33333333
33333333
blk 705:
33333333
33333333
33333333
33333333
33333333
33333333
33333333
33333333
blk 706:
33333333
33333333
33333333
33333333
33333333
33333333
33333333
33333333
blk 707:
33333333
33333333
33333333
33333333
33333333
33333333
33333333
33333333
blk 708:
33333333
33333333
33333333
33333333
33333333
33333333
33333333
33333333
blk 709:
33333333
33333333
33333333
33333333
33333333
33333333
33333333
33333333
blk 710:
33333333
33333333
33333333
33333333
33333333
33333333
33333333
33333333
blk 711:
33333333
33333333
33333333
33333333
33333333
33333333
33333333
33333333
blk 712:
33333333
33333333
33333333
33333333
33333333
33333333
33333333
33333333
blk 713:
33333333
33333333
33333333
33333333
33333333
33333333
33333333
33333333
blk 714:
33333333
33333333
33333333
33333333
33333333
33333333
33333333
33333333
blk 715:
33333333
33333333
33333333
33333333
33333333
33333333
33333333
33333333
blk 716:
33333333
33333333
33333333
33333333
33333333
33333333
33333333
33333333
blk 717:
33333333
33333333
33333333
33333333
33333333
33333333
33333333
33333333
blk 718:
33333333
33333333
33333333
33333333
33333333
33333333
33333333
33333333
blk 719:
33333333
33333333
33333333
33333333
33333333
33333333
33333333
33333333
blk 720:
33333333
33333333
33333333
33333333
33333333
33333333
33333333
33333333
blk 721:
33333333
33333333
33333333
33333333
33333333
33333333
33333333
33333333
blk 722:
33333333
33333333
33333333
33333333
33333333
33333333
33333333
33333333
blk 723:
33333333
33333333
33333333
33333333
33333333
33333333
33333333
33333333
blk 724:
33333333
33333333
33333333
33333333
33333333
33333333
33333333
33333333
blk 725:
33333333
33333333
33333333
33333333
33333333
33333333
33333333
33333333
blk 726:
33333333
33333333
33333333
33333333
33333333
33333333
33333333
33333333
blk 727:
33333333
33333333
33333333
33333333
33333333
33333333
33333333
33333333
blk 728:
33333333
33333333
33333333
33333333
33333333
33333333
33333333
33333333
blk 729:
33333333
33333333
33333333
33333333
33333333
33333333
33333333
33333333
blk 730:
33333333
33333333
33333333
33333333
33333333
33333333
33333333
33333333
blk 731:
33333333
33333333
33333333
33333333
33333333
33333333
33333333
33333333
blk 732:
33333333
33333333
33333333
33333333
33333333
33333333
33333333
33333333
blk 733:
33333333
33333333
33333333
33333333
33333333
33333333
33333333
33333333
blk 734:
33333333
33333333
33333333
33333333
33333333
33333333
33333333
33333333
blk 735:
33333333
33333333
33333333
33333333
33333333
33333333
33333333
33333333
blk 736:
33333333
33333333
33333333
33333333
33333333
33333333
33333333
33333333
blk 737:
33333333
33333333
33333333
33333333
33333333
33333333
33333333
33333333
blk 738:
33333333
33333333
33333333
33333333
33333333
33333333
33333333
33333333
blk 739:
33333333
33333333
33333333
33333333
33333333
33333333
33333333
33333333
blk 740:
33333333
33333333
33333333
33333333
33333333
33333333
33333333
33333333
blk 741:
33333333
33333333
33333333
33333333
33333333
33333333
33333333
33333333
blk 742:
33333333
33333333
33333333
33333333
33333333
33333333
33333333
33333333
blk 743:
33333333
33333333
33333333
33333333
33333333
33333333
33333333
33333333
blk 744:
33333333
33333333
33333333
33333333
33333333
33333333
33333333
33333333
blk 745:
33333333
33333333
33333333
33333333
33333333
33333333
33333333
33333333
blk 746:
33333333
33333333
33333333
33333333
33333333
33333333
33333333
33333333
blk 747:
33333333
33333333
33333333
33333333
33333333
33333333
33333333
33333333
blk 748:
33333333
33333333
33333333
33333333
33333333
33333333
33333333
33333333
blk 749:
33333333
33333333
33333333
33333333
33333333
33333333
33333333
33333333
blk 750:
33333333
33333333
33333333
33333333
33333333
33333333
33333333
33333333
blk 751:
33333333
33333333
33333333
33333333
33333333
33333333
33333333
33333333
blk 752:
33333333
33333333
33333333
33333333
33333333
33333333
33333333
33333333
blk 753:
33333333
33333333
33333333
33333333
33333333
33333333
33333333
33333333
blk 754:
33333333
33333333
33333333
33333333
33333333
33333333
33333333
33333333
blk 755:
33333333
33333333
33333333
33333333
33333333
33333333
33333333
33333333
blk 756:
33333333
33333333
33333333
33333333
33333333
33333333
33333333
33333333
blk 757:
33333333
33333333
33333333
33333333
33333333
33333333
33333333
33333333
blk 758:
33333333
33333333
33333333
33333333
33333333
33333333
33333333
33333333
blk 759:
33333333
33333333
33333333
33333333
33333333
33333333
33333333
33333333
blk 760:
33333333
33333333
33333333
33333333
33333333
33333333
33333333
33333333
blk 761:
33333333
33333333
33333333
33333333
33333333
33333333
33333333
33333333
blk 762:
33333333
33333333
33333333
33333333
33333333
33333333
33333333
33333333
blk 763:
33333333
33333333
33333333
33333333
33333333
33333333
33333333
33333333
blk 764:
33333333
33333333
33333333
33333333
33333333
33333333
33333333
33333333
blk 765:
33333333
33333333
33333333
33333333
33333333
33333333
33333333
33333333
blk 766:
33333333
33333333
33333333
33333333
33333333
33333333
33333333
33333333
blk 767:
33333333
33333333
33333333
33333333
33333333
33333333
33333333
33333333
blk 768:
33333333
33333333
33333333
33333333
33333333
33333333
33333333
33333333
blk 769:
33333333
33333333
33333333
33333333
33333333
33333333
33333333
33333333
blk 770:
33333333
33333333
33333333
33333333
33333333
33333333
33333333
33333333
blk 771:
33333333
33333333
33333333
33333333
33333333
33333333
33333333
33333333
blk 772:
33333333
33333333
33333333
33333333
33333333
33333333
33333333
33333333
blk 773:
33333333
33333333
33333333
33333333
33333333
33333333
33333333
33333333
blk 774:
33333333
33333333
33333333
33333333
33333333
33333333
33333333
33333333
blk 775:
33333333
33333333
33333333
33333333
33333333
33333333
33333333
33333333
blk 776:
33333333
33333333
33333333
33333333
33333333
33333333
33333333
33333333
blk 777:
33333333
33333333
33333333
33333333
33333333
33333333
33333333
33333333
blk 778:
33333333
33333333
33333333
33333333
33333333
33333333
33333333
33333333
blk 779:
33333333
33333333
33333333
33333333
33333333
33333333
33333333
33333333
blk 780:
33333333
33333333
33333333
33333333
33333333
33333333
33333333
33333333
blk 781:
33333333
33333333
33333333
33333333
33333333
33333333
33333333
33333333
blk 782:
33333333
33333333
33333333
33333333
33333333
33333333
33333333
33333333
blk 783:
33333333
33333333
33333333
33333333
33333333
33333333
33333333
33333333
blk 784:
33333333
33333333
33333333
33333333
33333333
33333333
33333333
33333333
blk 785:
33333333
33333333
33333333
33333333
33333333
33333333
33333333
33333333
blk 786:
33333333
33333333
33333333
33333333
33333333
33333333
33333333
33333333
blk 787:
33333333
33333333
33333333
33333333
33333333
33333333
33333333
33333333
blk 788:
33333333
33333333
33333333
33333333
33333333
33333333
33333333
33333333
blk 789:
33333333
33333333
33333333
33333333
33333333
33333333
33333333
33333333
blk 790:
33333333
33333333
33333333
33333333
33333333
33333333
33333333
33333333
blk 791:
33333333
33333333
33333333
33333333
33333333
33333333
33333333
33333333
blk 792:
33333333
33333333
33333333
33333333
33333333
33333333
33333333
33333333
blk 793:
33333333
33333333
33333333
33333333
33333333
33333333
33333333
33333333
blk 794:
33333333
33333333
33333333
33333333
33333333
33333333
33333333
33333333
blk 795:
33333333
33333333
33333333
33333333
33333333
33333333
33333333
33333333
blk 796:
33333333
33333333
33333333
33333333
33333333
33333333
33333333
33333333
blk 797:
33333333
33333333
33333333
33333333
33333333
33333333
33333333
33333333
blk 798:
33333333
33333333
33333333
33333333
33333333
33333333
33333333
33333333
blk 799:
33333333
33333333
33333333
33333333
33333333
33333333
33333333
33333333
blk 800:
33333333
33333333
33333333
33333333
33333333
33333333
33333333
33333333
blk 801:
33333333
33333333
33333333
33333333
33333333
33333333
33333333
33333333
blk 802:
33333333
33333333
33333333
33333333
33333333
33333333
33333333
33333333
blk 803:
33333333
33333333
33333333
33333333
33333333
33333333
33333333
33333333
blk 804:
33333333
33333333
33333333
33333333
33333333
33333333
33333333
33333333
blk 805:
33333333
33333333
33333333
33333333
33333333
33333333
33333333
33333333
blk 806:
33333333
33333333
33333333
33333333
33333333
33333333
33333333
33333333
blk 807:
33333333
33333333
33333333
33333333
33333333
33333333
33333333
33333333
blk 808:
33333333
33333333
33333333
33333333
33333333
33333333
33333333
33333333
blk 809:
33333333
33333333
33333333
33333333
33333333
33333333
33333333
33333333
blk 810:
33333333
33333333
33333333
33333333
33333333
33333333
33333333
33333333
blk 811:
33333333
33333333
33333333
33333333
33333333
33333333
33333333
33333333
blk 812:
33333333
33333333
33333333
33333333
33333333
33333333
33333333
33333333
blk 813:
33333333
33333333
33333333
33333333
33333333
33333333
33333333
33333333
blk 814:
33333333
33333333
33333333
33333333
33333333
33333333
33333333
33333333
blk 815:
33333333
33333333
33333333
33333333
33333333
33333333
33333333
33333333
blk 816:
33333333
33333333
33333333
33333333
33333333
33333333
33333333
33333333
blk 817:
33333333
33333333
33333333
33333333
33333333
33333333
33333333
33333333
blk 818:
33333333
33333333
33333333
33333333
33333333
33333333
33333333
33333333
blk 819:
33333333
33333333
33333333
33333333
33333333
33333333
33333333
33333333
blk 820:
33333333
33333333
33333333
33333333
33333333
33333333
33333333
33333333
blk 821:
33333333
33333333
33333333
33333333
33333333
33333333
33333333
33333333
blk 822:
33333333
33333333
33333333
33333333
33333333
33333333
33333333
33333333
blk 823:
33333333
33333333
33333333
33333333
33333333
33333333
33333333
33333333
blk 824:
33333333
33333333
33333333
33333333
33333333
33333333
33333333
33333333
blk 825:
33333333
33333333
33333333
33333333
33333333
33333333
33333333
33333333
blk 826:
33333333
33333333
33333333
33333333
33333333
33333333
33333333
33333333
blk 827:
33333333
33333333
33333333
33333333
33333333
33333333
33333333
33333333
blk 828:
33333333
33333333
33333333
33333333
33333333
33333333
33333333
33333333
blk 829:
33333333
33333333
33333333
33333333
33333333
33333333
33333333
33333333
blk 830:
33333333
33333333
33333333
33333333
33333333
33333333
33333333
33333333
blk 831:
33333333
33333333
33333333
33333333
33333333
33333333
33333333
33333333
blk 832:
33333333
33333333
33333333
33333333
33333333
33333333
33333333
33333333
blk 833:
33333333
33333333
33333333
33333333
33333333
33333333
33333333
33333333
blk 834:
33333333
33333333
33333333
33333333
33333333
33333333
33333333
33333333
blk 835:
33333333
33333333
33333333
33333333
33333333
33333333
33333333
33333333
blk 836:
33333333
33333333
33333333
33333333
33333333
33333333
33333333
33333333
blk 837:
33333333
33333333
33333333
33333333
33333333
33333333
33333333
33333333
blk 838:
33333333
33333333
33333333
33333333
33333333
33333333
33333333
33333333
blk 839:
33333333
33333333
33333333
33333333
33333333
33333333
33333333
33333333
blk 840:
33333333
33333333
33333333
33333333
33333333
33333333
33333333
33333333
blk 841:
33333333
33333333
33333333
33333333
33333333
33333333
33333333
33333333
blk 842:
33333333
33333333
33333333
33333333
33333333
33333333
33333333
33333333
blk 843:
33333333
33333333
33333333
33333333
33333333
33333333
33333333
33333333
blk 844:
33333333
33333333
33333333
33333333
33333333
33333333
33333333
33333333
blk 845:
33333333
33333333
33333333
33333333
33333333
33333333
33333333
33333333
blk 846:
33333333
33333333
33333333
33333333
33333333
33333333
33333333
33333333
blk 847:
33333333
33333333
33333333
33333333
33333333
33333333
33333333
33333333
blk 848:
33333333
33333333
33333333
33333333
33333333
33333333
33333333
33333333
blk 849:
33333333
33333333
33333333
33333333
33333333
33333333
33333333
33333333
blk 850:
33333333
33333333
33333333
33333333
33333333
33333333
33333333
33333333
blk 851:
33333333
33333333
33333333
33333333
33333333
33333333
33333333
33333333
blk 852:
33333333
33333333
33333333
33333333
33333333
33333333
33333333
33333333
blk 853:
33333333
33333333
33333333
33333333
33333333
33333333
33333333
33333333
blk 854:
33333333
33333333
33333333
33333333
33333333
33333333
33333333
33333333
blk 855:
33333333
33333333
33333333
33333333
33333333
33333333
33333333
33333333
blk 856:
33333333
33333333
33333333
33333333
33333333
33333333
33333333
33333333
blk 857:
33333333
33333333
33333333
33333333
33333333
33333333
33333333
33333333
blk 858:
33333333
33333333
33333333
33333333
33333333
33333333
33333333
33333333
blk 859:
33333333
33333333
33333333
33333333
33333333
33333333
33333333
33333333
blk 860:
33333333
33333333
33333333
33333333
33333333
33333333
33333333
33333333
blk 861:
33333333
33333333
33333333
33333333
33333333
33333333
33333333
33333333
blk 862:
33333333
33333333
33333333
33333333
33333333
33333333
33333333
33333333
blk 863:
33333333
33333333
33333333
33333333
33333333
33333333
33333333
33333333
blk 864:
33333333
33333333
33333333
33333333
33333333
33333333
33333333
33333333
blk 865:
33333333
33333333
33333333
33333333
33333333
33333333
33333333
33333333
blk 866:
33333333
33333333
33333333
33333333
33333333
33333333
33333333
33333333
blk 867:
33333333
33333333
33333333
33333333
33333333
33333333
33333333
33333333
blk 868:
33333333
33333333
33333333
33333333
33333333
33333333
33333333
33333333
blk 869:
33333333
33333333
33333333
33333333
33333333
33333333
33333333
33333333
blk 870:
33333333
33333333
33333333
33333333
33333333
33333333
33333333
33333333
blk 871:
33333333
33333333
33333333
33333333
33333333
33333333
33333333
33333333
blk 872:
33333333
33333333
33333333
33333333
33333333
33333333
33333333
33333333
blk 873:
33333333
33333333
33333333
33333333
33333333
33333333
33333333
33333333
blk 874:
33333333
33333333
33333333
33333333
33333333
33333333
33333333
33333333
blk 875:
33333333
33333333
33333333
33333333
33333333
33333333
33333333
33333333
blk 876:
33333333
33333333
33333333
33333333
33333333
33333333
33333333
33333333
blk 877:
33333333
33333333
33333333
33333333
33333333
33333333
33333333
33333333
blk 878:
33333333
33333333
33333333
33333333
33333333
33333333
33333333
33333333
blk 879:
33333333
33333333
33333333
33333333
33333333
33333333
33333333
33333333
blk 880:
33333333
33333333
33333333
33333333
33333333
33333333
33333333
33333333
blk 881:
33333333
33333333
33333333
33333333
33333333
33333333
33333333
33333333
blk 882:
33333333
33333333
33333333
33333333
33333333
33333333
33333333
33333333
blk 883:
33333333
33333333
33333333
33333333
33333333
33333333
33333333
33333333
blk 884:
33333333
33333333
33333333
33333333
33333333
33333333
33333333
33333333
blk 885:
33333333
33333333
33333333
33333333
33333333
33333333
33333333
33333333
blk 886:
33333333
33333333
33333333
33333333
33333333
33333333
33333333
33333333
blk 887:
33333333
33333333
33333333
33333333
33333333
33333333
33333333
33333333
blk 888:
33333333
33333333
33333333
33333333
33333333
33333333
33333333
33333333
blk 889:
33333333
33333333
33333333
33333333
33333333
33333333
33333333
33333333
blk 890:
33333333
33333333
33333333
33333333
33333333
33333333
33333333
33333333
blk 891:
33333333
33333333
33333333
33333333
33333333
33333333
33333333
33333333
blk 892:
33333333
33333333
33333333
33333333
33333333
33333333
33333333
33333333
blk 893:
33333333
33333333
33333333
33333333
33333333
33333333
33333333
33333333
blk 894:
33333333
33333333
33333333
33333333
33333333
33333333
33333333
33333333
blk 895:
33333333
33333333
33333333
33333333
33333333
33333333
33333333
33333333
blk 896:
33333333
33333333
33333333
33333333
33333333
33333333
33333333
33333333
blk 897:
33333333
33333333
33333333
33333333
33333333
33333333
33333333
33333333
blk 898:
33333333
33333333
33333333
33333333
33333333
33333333
33333333
33333333
blk 899:
33333333
33333333
33333333
33333333
33333333
33333333
33333333
33333333
blk 900:
33333333
33333333
33333333
33333333
33333333
33333333
33333333
33333333
blk 901:
33333333
33333333
33333333
33333333
33333333
33333333
33333333
33333333
blk 902:
33333333
33333333
33333333
33333333
33333333
33333333
33333333
33333333
blk 903:
33333333
33333333
33333333
33333333
33333333
33333333
33333333
33333333
blk 904:
33333333
33333333
33333333
33333333
33333333
33333333
33333333
33333333
blk 905:
33333333
33333333
33333333
33333333
33333333
33333333
33333333
33333333
blk 906:
33333333
33333333
33333333
33333333
33333333
33333333
33333333
33333333
blk 907:
33333333
33333333
33333333
33333333
33333333
33333333
33333333
33333333
blk 908:
33333333
33333333
33333333
33333333
33333333
33333333
33333333
33333333
blk 909:
33333333
33333333
33333333
33333333
33333333
33333333
33333333
33333333
blk 910:
33333333
33333333
33333333
33333333
33333333
33333333
33333333
33333333
blk 911:
33333333
33333333
33333333
33333333
33333333
33333333
33333333
33333333
blk 912:
33333333
33333333
33333333
33333333
33333333
33333333
33333333
33333333
blk 913:
33333333
33333333
33333333
33333333
33333333
33333333
33333333
33333333
blk 914:
33333333
33333333
33333333
33333333
33333333
33333333
33333333
33333333
blk 915:
33333333
33333333
33333333
33333333
33333333
33333333
33333333
33333333
blk 916:
33333333
33333333
33333333
33333333
33333333
33333333
33333333
33333333
blk 917:
33333333
33333333
33333333
33333333
33333333
33333333
33333333
33333333
blk 918:
33333333
33333333
33333333
33333333
33333333
33333333
33333333
33333333
blk 919:
33333333
33333333
33333333
33333333
33333333
33333333
33333333
33333333
blk 920:
33333333
33333333
33333333
33333333
33333333
33333333
33333333
33333333
blk 921:
33333333
33333333
33333333
33333333
33333333
33333333
33333333
33333333
blk 922:
33333333
33333333
33333333
33333333
33333333
33333333
33333333
33333333
blk 923:
33333333
33333333
33333333
33333333
33333333
33333333
33333333
33333333
blk 924:
33333333
33333333
33333333
33333333
33333333
33333333
33333333
33333333
blk 925:
33333333
33333333
33333333
33333333
33333333
33333333
33333333
33333333
blk 926:
33333333
33333333
33333333
33333333
33333333
33333333
33333333
33333333
blk 927:
33333333
33333333
33333333
33333333
33333333
33333333
33333333
33333333
blk 928:
33333333
33333333
33333333
33333333
33333333
33333333
33333333
33333333
blk 929:
33333333
33333333
33333333
33333333
33333333
33333333
33333333
33333333
blk 930:
33333333
33333333
33333333
33333333
33333333
33333333
33333333
33333333
blk 931:
33333333
33333333
33333333
33333333
33333333
33333333
33333333
33333333
blk 932:
33333333
33333333
33333333
33333333
33333333
33333333
33333333
33333333
blk 933:
33333333
33333333
33333333
33333333
33333333
33333333
33333333
33333333
blk 934:
33333333
33333333
33333333
33333333
33333333
33333333
33333333
33333333
blk 935:
33333333
33333333
33333333
33333333
33333333
33333333
33333333
33333333
blk 936:
33333333
33333333
33333333
33333333
33333333
33333333
33333333
33333333
blk 937:
33333333
33333333
33333333
33333333
33333333
33333333
33333333
33333333
blk 938:
33333333
33333333
33333333
33333333
33333333
33333333
33333333
33333333
blk 939:
33333333
33333333
33333333
33333333
33333333
33333333
33333333
33333333
blk 940:
33333333
33333333
33333333
33333333
33333333
33333333
33333333
33333333
blk 941:
33333333
33333333
33333333
33333333
33333333
33333333
33333333
33333333
blk 942:
33333333
33333333
33333333
33333333
33333333
33333333
33333333
33333333
blk 943:
33333333
33333333
33333333
33333333
33333333
33333333
33333333
33333333
blk 944:
33333333
33333333
33333333
33333333
33333333
33333333
33333333
33333333
blk 945:
33333333
33333333
33333333
33333333
33333333
33333333
33333333
33333333
blk 946:
33333333
33333333
33333333
33333333
33333333
33333333
33333333
33333333
blk 947:
33333333
33333333
33333333
33333333
33333333
33333333
33333333
33333333
blk 948:
33333333
33333333
33333333
33333333
33333333
33333333
33333333
33333333
blk 949:
33333333
33333333
33333333
33333333
33333333
33333333
33333333
33333333
blk 950:
33333333
33333333
33333333
33333333
33333333
33333333
33333333
33333333
blk 951:
33333333
33333333
33333333
33333333
33333333
33333333
33333333
33333333
blk 952:
33333333
33333333
33333333
33333333
33333333
33333333
33333333
33333333
blk 953:
33333333
33333333
33333333
33333333
33333333
33333333
33333333
33333333
blk 954:
33333333
33333333
33333333
33333333
33333333
33333333
33333333
33333333
blk 955:
33333333
33333333
33333333
33333333
33333333
33333333
33333333
33333333
blk 956:
33333333
33333333
33333333
33333333
33333333
33333333
33333333
33333333
blk 957:
33333333
33333333
33333333
33333333
33333333
33333333
33333333
33333333
blk 958:
33333333
33333333
33333333
33333333
33333333
33333333
33333333
33333333
blk 959:
33333333
33333333
33333333
33333333
33333333
33333333
33333333
33333333
blk 960:
33333333
33333333
33333333
33333333
33333333
33333333
33333333
33333333
blk 961:
33333333
33333333
33333333
33333333
33333333
33333333
33333333
33333333
blk 962:
33333333
33333333
33333333
33333333
33333333
33333333
33333333
33333333
blk 963:
33333333
33333333
33333333
33333333
33333333
33333333
33333333
33333333
blk 964:
33333333
33333333
33333333
33333333
33333333
33333333
33333333
33333333
blk 965:
33333333
33333333
33333333
33333333
33333333
33333333
33333333
33333333
blk 966:
33333333
33333333
33333333
33333333
33333333
33333333
33333333
33333333
blk 967:
33333333
33333333
33333333
33333333
33333333
33333333
33333333
33333333
blk 968:
33333333
33333333
33333333
33333333
33333333
33333333
33333333
33333333
blk 969:
33333333
33333333
33333333
33333333
33333333
33333333
33333333
33333333
blk 970:
33333333
33333333
33333333
33333333
33333333
33333333
33333333
33333333
blk 971:
33333333
33333333
33333333
33333333
33333333
33333333
33333333
33333333
blk 972:
33333333
33333333
33333333
33333333
33333333
33333333
33333333
33333333
blk 973:
33333333
33333333
33333333
33333333
33333333
33333333
33333333
33333333
blk 974:
33333333
33333333
33333333
33333333
33333333
33333333
33333333
33333333
blk 975:
33333333
33333333
33333333
33333333
33333333
33333333
33333333
33333333
blk 976:
33333333
33333333
33333333
33333333
33333333
33333333
33333333
33333333
blk 977:
33333333
33333333
33333333
33333333
33333333
33333333
33333333
33333333
blk 978:
33333333
33333333
33333333
33333333
33333333
33333333
33333333
33333333
blk 979:
33333333
33333333
33333333
33333333
33333333
33333333
33333333
33333333
blk 980:
33333333
33333333
33333333
33333333
33333333
33333333
33333333
33333333
blk 981:
33333333
33333333
33333333
33333333
33333333
33333333
33333333
33333333
blk 982:
33333333
33333333
33333333
33333333
33333333
33333333
33333333
33333333
blk 983:
33333333
33333333
33333333
33333333
33333333
33333333
33333333
33333333
blk 984:
33333333
33333333
33333333
33333333
33333333
33333333
33333333
33333333
blk 985:
33333333
33333333
33333333
33333333
33333333
33333333
33333333
33333333
blk 986:
33333333
33333333
33333333
33333333
33333333
33333333
33333333
33333333
blk 987:
33333333
33333333
33333333
33333333
33333333
33333333
33333333
33333333
blk 988:
33333333
33333333
33333333
33333333
33333333
33333333
33333333
33333333
blk 989:
33333333
33333333
33333333
33333333
33333333
33333333
33333333
33333333
blk 990:
33333333
33333333
33333333
33333333
33333333
33333333
33333333
33333333
blk 991:
33333333
33333333
33333333
33333333
33333333
33333333
33333333
33333333
blk 992:
33333333
33333333
33333333
33333333
33333333
33333333
33333333
33333333
blk 993:
33333333
33333333
33333333
33333333
33333333
33333333
33333333
33333333
blk 994:
33333333
33333333
33333333
33333333
33333333
33333333
33333333
33333333
blk 995:
33333333
33333333
33333333
33333333
33333333
33333333
33333333
33333333
blk 996:
33333333
33333333
33333333
33333333
33333333
33333333
33333333
33333333
blk 997:
33333333
33333333
33333333
33333333
33333333
33333333
33333333
33333333
blk 998:
33333333
33333333
33333333
33333333
33333333
33333333
33333333
33333333
blk 999:
33333333
33333333
33333333
33333333
33333333
33333333
33333333
33333333
blk 1000:
33333333
33333333
33333333
33333333
33333333
33333333
33333333
33333333
blk 1001:
33333333
33333333
33333333
33333333
33333333
33333333
33333333
33333333
blk 1002:
33333333
33333333
33333333
33333333
33333333
33333333
33333333
33333333
blk 1003:
33333333
33333333
33333333
33333333
33333333
33333333
33333333
33333333
blk 1004:
33333333
33333333
33333333
33333333
33333333
33333333
33333333
33333333
blk 1005:
33333333
33333333
33333333
33333333
33333333
33333333
33333333
33333333
blk 1006:
33333333
33333333
33333333
33333333
33333333
33333333
33333333
33333333
blk 1007:
33333333
33333333
33333333
33333333
33333333
33333333
33333333
33333333
blk 1008:
33333333
33333333
33333333
33333333
33333333
33333333
33333333
33333333
blk 1009:
33333333
33333333
33333333
33333333
33333333
33333333
33333333
33333333
blk 1010:
33333333
33333333
33333333
33333333
33333333
33333333
33333333
33333333
blk 1011:
33333333
33333333
33333333
33333333
33333333
33333333
33333333
33333333
blk 1012:
33333333
33333333
33333333
33333333
33333333
33333333
33333333
33333333
blk 1013:
33333333
33333333
33333333
33333333
33333333
33333333
33333333
33333333
blk 1014:
33333333
33333333
33333333
33333333
33333333
33333333
33333333
33333333
blk 1015:
33333333
33333333
33333333
33333333
33333333
33333333
33333333
33333333
blk 1016:
33333333
33333333
33333333
33333333
33333333
33333333
33333333
33333333
blk 1017:
33333333
33333333
33333333
33333333
33333333
33333333
33333333
33333333
blk 1018:
33333333
33333333
33333333
33333333
33333333
33333333
33333333
33333333
blk 1019:
33333333
33333333
33333333
33333333
33333333
33333333
33333333
33333333
blk 1020:
33333333
33333333
33333333
33333333
33333333
33333333
33333333
33333333
blk 1021:
33333333
33333333
33333333
33333333
33333333
33333333
33333333
33333333
blk 1022:
33333333
33333333
33333333
33333333
33333333
33333333
33333333
33333333
blk 1023:
33333333
33333333
33333333
33333333
33333333
33333333
33333333
33333333
